Godot Engine v4.4.1.stable.fedora.49a5bc7b6 - https://godotengine.org
Vulkan 1.4.311 - Forward+ - Using Device #0: Intel - Intel(R) Iris(R) Xe Graphics (TGL GT2)

418
419
420
421
422
423
424
425
426
427
428
429
430
431
432
433
434
435
436
437
438
439
440
441
442
443
444
445
446
447
448
449
450
451
452
453
454
455
456
457
458
459
460
461
462
463
464
465
466
467
468
469
470
471
472
473
474
475
476
477
478
479
480
481
482
483
484
485
486
487
488
489
490
491
492
493
494
495
496
497
498
499
500
501
502
503
504
505
506
507
508
509
510
511
512
513
514
515
516
517
518
519
520
521
522
523
524
525
526
527
528
529
530
531
532
533
534
535
536
537
538
539
540
541
542
543
544
545
546
547
548
549
550
551
552
553
554
22006.2604951976
555
22006.2604951976
556
22006.2604951976
557
22006.2604951976
558
22006.2604951976
559
22006.2604951976
560
22006.2604951976
561
22006.2604951976
562
22006.2604951976
563
22006.2604951976
564
22006.2604951976
565
22006.2604951976
566
22006.2604951976
567
22006.2604951976
568
22006.2604951976
569
22006.2604951976
570
22006.2604951976
571
22006.2604951976
572
22006.2604951976
573
22006.2604951976
574
22006.2604951976
575
22006.2604951976
576
22006.2604951976
577
22006.2604951976
578
22006.2604951976
579
22006.2604951976
580
22006.2604951976
581
22006.2604951976
582
22006.2604951976
583
22006.2604951976
584
22006.2604951976
585
22006.2604951976
586
22006.2604951976
587
22006.2604951976
588
22006.2604951976
589
22006.2604951976
590
22006.2604951976
591
22006.2604951976
592
22006.2604951976
593
22006.2604951976
594
22006.2604951976
595
25431.8446937977
596
31458.1035562796
597
38909.2551573607
598
48167.5077271025
599
59729.4491096551
600
71876.4680124546
601
71913.723473591
602
71950.9918152331
603
71988.2730173665
604
72025.5595129849
605
72062.8479103571
606
72100.1433116616
607
72137.4435279981
608
72174.74567254
609
72212.0451224969
610
72249.3349061334
611
72286.6042222118
612
72323.8352209202
613
72360.9975145219
614
72398.0365891905
615
72434.8475751173
616
72471.2126551868
617
72506.6281736088
618
72539.7526752611
619
72566.2034237505
620
22006.2604951976
621
22006.2604951976
622
22006.2604951976
623
22006.2604951976
624
22006.2604951976
625
22006.2604951976
626
22006.2604951976
627
22006.2604951976
628
22006.2604951976
629
22006.2604951976
630
22006.2604951976
631
22006.2604951976
632
22006.2604951976
633
22006.2604951976
634
22006.2604951976
635
22006.2604951976
636
22006.2604951976
637
22006.2604951976
638
22006.2604951976
639
22006.2604951976
640
22006.2604951976
641
22006.2604951976
642
22006.2604951976
643
22006.2604951976
644
22006.2604951976
645
22006.2604951976
646
22006.2604951976
647
22006.2604951976
648
22006.2604951976
649
22006.2604951976
650
22006.2604951976
651
22006.2604951976
652
22006.2604951976
653
inf
653
inf
653
inf
653
inf
653
inf
653
inf
653
inf
653
inf
653
inf
653
inf
653
inf
653
inf
653
inf
653
inf
653
inf
653
inf
653
inf
653
inf
653
inf
653
inf
653
inf
653
inf
653
inf
653
inf
653
inf
653
inf
653
inf
653
inf
653
inf
653
inf
653
inf
653
inf
653
inf
653
inf
653
inf
653
inf
653
inf
653
inf
653
inf
653
inf
653
inf
653
inf
653
inf
653
inf
653
inf
653
inf
653
inf
653
inf
653
inf
653
inf
653
inf
653
inf
653
inf
653
inf
653
inf
653
inf
653
inf
653
inf
653
inf
653
inf
653
inf
653
inf
653
inf
653
inf
653
inf
653
inf
653
inf
653
inf
653
inf
653
inf
653
inf
653
inf
653
inf
653
inf
653
inf
653
inf
653
inf
653
inf
653
inf
653
inf
653
inf
653
inf
653
inf
653
inf
653
inf
653
inf
653
inf
653
inf
653
inf
653
inf
653
inf
653
inf
653
inf
653
inf
653
inf
653
inf
653
inf
653
inf
653
inf
653
inf
653
inf
653
inf
653
inf
653
inf
653
inf
653
inf
653
inf
653
inf
653
inf
653
inf
653
inf
653
inf
653
inf
653
inf
653
inf
653
inf
653
inf
653
inf
653
inf
653
inf
653
inf
653
inf
653
inf
653
inf
653
inf
653
inf
653
inf
653
inf
653
inf
653
inf
653
inf
653
inf
653
inf
653
inf
653
inf
653
inf
653
inf
653
inf
653
inf
653
inf
653
inf
653
inf
653
inf
653
inf
653
inf
653
inf
653
inf
653
inf
653
inf
653
inf
653
inf
653
inf
653
inf
653
inf
653
inf
653
inf
653
inf
653
inf
653
inf
653
inf
653
inf
653
inf
653
inf
653
inf
653
inf
653
inf
653
inf
653
inf
653
inf
653
inf
653
inf
653
inf
653
inf
653
inf
653
inf
653
inf
653
inf
653
inf
653
inf
653
inf
653
inf
653
inf
653
inf
653
inf
653
inf
653
inf
653
inf
653
inf
653
inf
653
inf
653
inf
653
inf
653
inf
653
inf
653
inf
653
inf
653
inf
653
inf
653
inf
653
inf
653
inf
653
inf
653
inf
653
inf
653
inf
653
inf
653
inf
653
inf
653
inf
653
inf
653
inf
653
inf
653
inf
653
inf
653
inf
653
inf
653
inf
653
inf
653
inf
653
inf
653
inf
653
inf
653
inf
653
inf
653
inf
653
inf
653
inf
653
inf
653
inf
653
inf
--- Debugging process stopped ---
